0
0
26
-4.09375 1.4375 1.5 1.5 255 255 255
3.4375 0.3125 1.5 1.5 255 255 255
9.0625 0.28125 1.5 1.5 255 255 255
12.7188 0.125 1.5 1.5 255 255 255
11.5625 -1.65625 1.5 1.5 255 255 255
6.0625 -3.40625 1.5 1.5 255 255 255
0.21875 -5.375 1.5 1.5 255 255 255
-3.3125 -4.875 1.5 1.5 255 255 255
-0.84375 -1.09375 1.5 1.5 255 255 255
-0.46875 -0.75 1.5 1.5 255 255 255
1.46875 -0.59375 1.5 1.5 255 255 255
5.4375 -2.9375 1.5 1.5 255 255 255
5.4375 -3.59375 1.5 1.5 255 255 255
5.6875 -4.53125 1.5 1.5 255 255 255
4.1875 -6.25 1.5 1.5 255 255 255
2.46875 -7.0625 1.5 1.5 255 255 255
1.9375 -6.6875 1.5 1.5 255 255 255
0.3125 -6.0625 1.5 1.5 255 255 255
-0.65625 -5.78125 1.5 1.5 255 255 255
-0.84375 -5.65625 1.5 1.5 255 255 255
-2.4375 -4.34375 1.5 1.5 255 255 255
-1.53125 -2.28125 1.5 1.5 255 255 255
0.6875 -1.6875 1.5 1.5 255 255 255
1.375 -1.71875 1.5 1.5 255 255 255
1.71875 -2.1875 1.5 1.5 255 255 255
0.25 -3.90625 1.5 1.5 255 255 255
